[gd_scene load_steps=52 format=3 uid="uid://tle17qkiuhpj"]

[ext_resource type="PackedScene" uid="uid://d5360lvtbvie" path="res://scenes/character/character.tscn" id="1_oijy8"]
[ext_resource type="Script" path="res://scenes/levels/main_level.gd" id="1_sbuhx"]
[ext_resource type="PackedScene" uid="uid://us044os2og84" path="res://scenes/interactables/Ledge.tscn" id="2_dmerr"]
[ext_resource type="Script" path="res://scenes/levels/world_environment.gd" id="2_tb2iy"]
[ext_resource type="PackedScene" uid="uid://dhb3fdpcoj15d" path="res://scenes/gmtk2024_blocking_scene_accurateGodot.tscn" id="3_0pgsn"]
[ext_resource type="PackedScene" uid="uid://5qjf2oyi5lcu" path="res://scenes/interactables/LaunchPad.tscn" id="3_i20k6"]
[ext_resource type="PackedScene" uid="uid://ci6r3gxlbidjv" path="res://scenes/gameplay/CheckPoint.tscn" id="5_wkxdj"]
[ext_resource type="PackedScene" uid="uid://by6w3uuptdb1a" path="res://scenes/interactables/LaunchPad-smol.tscn" id="6_22uk8"]
[ext_resource type="PackedScene" uid="uid://cbi1bqkg8eoot" path="res://assets/vfx/smoke_clouds.tscn" id="6_ef1m2"]
[ext_resource type="PackedScene" uid="uid://dhad8osjfv3ve" path="res://scenes/gameplay/cp_trigger.tscn" id="6_x5axg"]
[ext_resource type="PackedScene" uid="uid://duqfowq6brmd6" path="res://scenes/gameplay/HurtArea.tscn" id="6_y2sbr"]
[ext_resource type="PackedScene" uid="uid://bn5onbb7ngwm3" path="res://scenes/interactables/door_knob.tscn" id="8_pthfv"]
[ext_resource type="PackedScene" uid="uid://boo7xq0mt4g6y" path="res://scenes/interactables/zipline/zipline.tscn" id="10_wf6re"]
[ext_resource type="PackedScene" uid="uid://cl1lxflyunwhb" path="res://assets/3DModel/Movies/GMTK24_Mesh_DVD-AstObe.glb" id="13_5aayd"]
[ext_resource type="PackedScene" uid="uid://dt8qosg5l58r4" path="res://scenes/LODCollisionShape.tscn" id="13_jsbuj"]
[ext_resource type="PackedScene" uid="uid://d1blumbimiklj" path="res://assets/3DModel/Movies/GMTK24_Mesh_DVD-Evan.glb" id="14_40mxf"]
[ext_resource type="PackedScene" uid="uid://gnab3it26f2q" path="res://assets/3DModel/gmtk2024_mesh_InvisibleWall.glb" id="14_rsr1e"]
[ext_resource type="PackedScene" uid="uid://by37dppl8wagi" path="res://assets/3DModel/Movies/GMTK24_Mesh_DVD-NIER.glb" id="15_jqgw2"]
[ext_resource type="PackedScene" uid="uid://b3px2wo3mev7" path="res://assets/3DModel/Books/GMTK24_Mesh_Book-RWBY.glb" id="16_abufs"]
[ext_resource type="PackedScene" uid="uid://barl4q1kugrmm" path="res://scenes/gameplay/pause-layer/pause-layer.tscn" id="16_hrpjg"]
[ext_resource type="PackedScene" uid="uid://dw06n12o4gdxp" path="res://assets/3DModel/Books/GMTK24_Mesh_Book-SoulEater.glb" id="17_trk64"]
[ext_resource type="PackedScene" uid="uid://bsoqpysrcxyfk" path="res://assets/3DModel/Books/GMTK24_Mesh_Book-AsteObe.glb" id="18_a4r17"]
[ext_resource type="PackedScene" uid="uid://dtsdqojphlsj8" path="res://assets/3DModel/Movies/GMTK24_Mesh_DVD-DOOM.glb" id="19_wrxg5"]
[ext_resource type="PackedScene" uid="uid://bcado6owiipkr" path="res://assets/3DModel/Books/GMTK24_Mesh_Book-KH.glb" id="20_0ao6w"]
[ext_resource type="PackedScene" uid="uid://bpjekqybkc6ud" path="res://assets/3DModel/Books/GMTK24_Mesh_Book-Evan.glb" id="21_dps2k"]
[ext_resource type="PackedScene" uid="uid://ciskn2wqm1qlm" path="res://assets/3DModel/Movies/GMTK24_Mesh_MovieIO.glb" id="22_asa2f"]
[ext_resource type="PackedScene" uid="uid://6b6x8ax2vogk" path="res://assets/3DModel/Movies/GMTK24_Mesh_MovieTitanic.glb" id="23_kidxj"]
[ext_resource type="PackedScene" uid="uid://b80mufpg6i21v" path="res://assets/3DModel/Movies/GMTK24_Mesh_MovieTotoro.glb" id="24_syu0j"]
[ext_resource type="PackedScene" uid="uid://cekd0g05qolce" path="res://assets/3DModel/Books/GMTK24_Mesh_Book2.glb" id="25_kc0k6"]
[ext_resource type="PackedScene" uid="uid://6wl4kn8tratf" path="res://assets/3DModel/Books/GMTK24_Mesh_Book-NIER.glb" id="26_y16ac"]
[ext_resource type="PackedScene" uid="uid://cms7gjtf8tx62" path="res://assets/3DModel/Movies/GMTK24_Mesh_MovieET.glb" id="27_0ig53"]
[ext_resource type="PackedScene" uid="uid://mcb4vcr3tbbl" path="res://assets/3DModel/Books/GMTK24_Mesh_Book1.glb" id="28_6vsjn"]
[ext_resource type="PackedScene" uid="uid://b8dgffb2umdod" path="res://assets/3DModel/Books/GMTK24_Mesh_Book-P5.glb" id="29_kvchb"]
[ext_resource type="PackedScene" uid="uid://c5damh7r03iwt" path="res://assets/3DModel/Movies/GMTK24_Mesh_MovieArietty.glb" id="30_ulltd"]
[ext_resource type="PackedScene" uid="uid://fodl5tadlg4f" path="res://assets/3DModel/Movies/GMTK24_Mesh_MovieAvatar.glb" id="31_d3t7i"]
[ext_resource type="PackedScene" uid="uid://cixdx50c2ed5y" path="res://assets/3DModel/Movies/GMTK24_Mesh_MovieZootopia.glb" id="32_fpwgb"]
[ext_resource type="PackedScene" uid="uid://pnowgagdnbuc" path="res://assets/3DModel/Movies/GMTK24_Mesh_DVD-KH.glb" id="33_pre8g"]
[ext_resource type="Shader" path="res://assets/materials/post_processing_effects/spatial/TF2.gdshader" id="34_hs5pa"]

[sub_resource type="WorldBoundaryShape3D" id="WorldBoundaryShape3D_670vm"]

[sub_resource type="FastNoiseLite" id="FastNoiseLite_b63ex"]
noise_type = 2
frequency = 1.0
fractal_octaves = 1

[sub_resource type="NoiseTexture2D" id="NoiseTexture2D_pg2hx"]
width = 1024
height = 1024
noise = SubResource("FastNoiseLite_b63ex")

[sub_resource type="StandardMaterial3D" id="StandardMaterial3D_t6hod"]
shading_mode = 2
diffuse_mode = 3
albedo_texture = SubResource("NoiseTexture2D_pg2hx")

[sub_resource type="PlaneMesh" id="PlaneMesh_mjsou"]
material = SubResource("StandardMaterial3D_t6hod")
size = Vector2(100, 100)

[sub_resource type="ProceduralSkyMaterial" id="ProceduralSkyMaterial_qg2we"]
sky_horizon_color = Color(0.64625, 0.65575, 0.67075, 1)
ground_horizon_color = Color(0.64625, 0.65575, 0.67075, 1)

[sub_resource type="Sky" id="Sky_5t1ig"]
sky_material = SubResource("ProceduralSkyMaterial_qg2we")

[sub_resource type="Environment" id="Environment_jnky0"]
background_mode = 4
background_energy_multiplier = 0.0
sky = SubResource("Sky_5t1ig")
ambient_light_source = 2
ambient_light_color = Color(0.896435, 0.77191, 0.534455, 1)
tonemap_mode = 1
tonemap_white = 16.0
ssao_enabled = true

[sub_resource type="BoxShape3D" id="BoxShape3D_jhvld"]
size = Vector3(1, 1.16553, 1.23035)

[sub_resource type="BoxShape3D" id="BoxShape3D_efmrv"]
size = Vector3(3.0769, 0.550293, 5.4053)

[sub_resource type="BoxShape3D" id="BoxShape3D_blmu7"]
size = Vector3(17.2, 0.4, 30.6)

[sub_resource type="QuadMesh" id="QuadMesh_y1o5h"]
flip_faces = true
size = Vector2(2, 2)

[sub_resource type="ShaderMaterial" id="ShaderMaterial_khyil"]
render_priority = 0
shader = ExtResource("34_hs5pa")
shader_parameter/diffuse_color = Color(0.613143, 0.369003, 0.12786, 1)
shader_parameter/normal_strength = 2.267
shader_parameter/phong = 0.69
shader_parameter/phong_exponent = 0.25
shader_parameter/rim_strength = 0.007
shader_parameter/rim_spread = 1.559

[node name="Main2" type="Node3D" node_paths=PackedStringArray("player", "level_starts")]
script = ExtResource("1_sbuhx")
player = NodePath("gmtk2024_blocking-accurateGodot/Character")
level_starts = [NodePath("gmtk2024_blocking-accurateGodot/Checkpoints/BigStart"), NodePath("gmtk2024_blocking-accurateGodot/Checkpoints/Bed"), NodePath("gmtk2024_blocking-accurateGodot/Checkpoints/Bed")]

[node name="to_remove?" type="StaticBody3D" parent="."]

[node name="CollisionShape3D" type="CollisionShape3D" parent="to_remove?"]
shape = SubResource("WorldBoundaryShape3D_670vm")

[node name="MeshInstance3D" type="MeshInstance3D" parent="to_remove?"]
visible = false
mesh = SubResource("PlaneMesh_mjsou")

[node name="DirectionalLight3D" type="DirectionalLight3D" parent="."]
transform = Transform3D(-0.866023, -0.433016, 0.250001, 0, 0.499998, 0.866027, -0.500003, 0.749999, -0.43301, 0, 0, 0)
shadow_enabled = true

[node name="WorldEnvironment" type="WorldEnvironment" parent="."]
environment = SubResource("Environment_jnky0")
script = ExtResource("2_tb2iy")

[node name="gmtk2024_blocking-accurateGodot" parent="." instance=ExtResource("3_0pgsn")]

[node name="Character" parent="gmtk2024_blocking-accurateGodot" node_paths=PackedStringArray("current_checkpoint") instance=ExtResource("1_oijy8")]
transform = Transform3D(2.75, 0, 0, 0, 2.75, 0, 0, 0, 2.75, -1.53045, 0.116211, 2.8304)
wall_min_slide_angle = 0.523599
floor_stop_on_slope = false
floor_constant_speed = true
floor_max_angle = 0.523599
climbing_time_limit = 0.3
current_checkpoint = NodePath("../Checkpoints/Bed")

[node name="Checkpoints" type="Node3D" parent="gmtk2024_blocking-accurateGodot"]

[node name="BigStart" parent="gmtk2024_blocking-accurateGodot/Checkpoints" instance=ExtResource("5_wkxdj")]
transform = Transform3D(1, 0, 0, 0, 1, 0, 0, 0, 1, -1.53045, 0.116211, 2.8304)

[node name="Bed" parent="gmtk2024_blocking-accurateGodot/Checkpoints" instance=ExtResource("5_wkxdj")]
transform = Transform3D(1, 0, 0, 0, 1, 0, 0, 0, 1, -5.09436, 3.51682, 5.5866)

[node name="BookshelfCP" parent="gmtk2024_blocking-accurateGodot/Checkpoints" instance=ExtResource("6_x5axg")]
transform = Transform3D(1, 0, 0, 0, 1, 0, 0, 0, 1, 4.822, 1.766, -8.113)

[node name="CollisionShape3D" type="CollisionShape3D" parent="gmtk2024_blocking-accurateGodot/Checkpoints/BookshelfCP"]
transform = Transform3D(0.987987, 0, -0.154538, 0, 1, 0, 0.154538, 0, 0.987987, 0.0926719, 0.0827637, -0.592466)
shape = SubResource("BoxShape3D_jhvld")

[node name="DeskCP" parent="gmtk2024_blocking-accurateGodot/Checkpoints" instance=ExtResource("6_x5axg")]
transform = Transform3D(1, 0, 0, 0, 1, 0, 0, 0, 1, -7.60629, 2.81109, -13.164)

[node name="CollisionShape3D" type="CollisionShape3D" parent="gmtk2024_blocking-accurateGodot/Checkpoints/DeskCP"]
transform = Transform3D(1, 0, 0, 0, 1, 0, 0, 0, 1, -1.21692, 0.224854, -2.13808)
shape = SubResource("BoxShape3D_efmrv")

[node name="HurtArea" parent="gmtk2024_blocking-accurateGodot" node_paths=PackedStringArray("vfx") instance=ExtResource("6_y2sbr")]
transform = Transform3D(1, 0, 0, 0, 1, 0, 0, 0, 1, -2.6, 0, -5.6)
vfx = NodePath("SmokeClouds")

[node name="CollisionShape3D" type="CollisionShape3D" parent="gmtk2024_blocking-accurateGodot/HurtArea"]
shape = SubResource("BoxShape3D_blmu7")

[node name="SmokeClouds" parent="gmtk2024_blocking-accurateGodot/HurtArea" instance=ExtResource("6_ef1m2")]

[node name="ParticleBlockers" type="Node3D" parent="gmtk2024_blocking-accurateGodot"]

[node name="Carpet" type="GPUParticlesCollisionBox3D" parent="gmtk2024_blocking-accurateGodot/ParticleBlockers"]
transform = Transform3D(1, 0, 0, 0, 1, 0, 0, 0, 1, -2.89407, 0, -18.63)
size = Vector3(3.54724, 2, 3.70709)

[node name="Desk" type="GPUParticlesCollisionBox3D" parent="gmtk2024_blocking-accurateGodot/ParticleBlockers"]
transform = Transform3D(1, 0, 0, 0, 1, 0, 0, 0, 1, 4.07833, 0, 4.11387)
size = Vector3(2.3208, 2, 4.58102)

[node name="Drawer1" type="GPUParticlesCollisionBox3D" parent="gmtk2024_blocking-accurateGodot/ParticleBlockers"]
transform = Transform3D(1, 0, 0, 0, 1, 0, 0, 0, 1, 2.58903, 0, 2.7856)
size = Vector3(1.76147, 2, 1.64865)

[node name="Drawer2" type="GPUParticlesCollisionBox3D" parent="gmtk2024_blocking-accurateGodot/ParticleBlockers"]
transform = Transform3D(1, 0, 0, 0, 1, 0, 0, 0, 1, 2.83949, 0, 5.67353)
size = Vector3(1.93689, 2, 1.64865)

[node name="Books1" type="GPUParticlesCollisionBox3D" parent="gmtk2024_blocking-accurateGodot/ParticleBlockers"]
transform = Transform3D(0.793396, 0, -0.608706, 0, 1, 0, 0.608706, 0, 0.793396, 1.47413, 0, 4.04864)
size = Vector3(3.47412, 2, 1.26318)

[node name="Books2" type="GPUParticlesCollisionBox3D" parent="gmtk2024_blocking-accurateGodot/ParticleBlockers"]
transform = Transform3D(1, 0, 0, 0, 1, 0, 0, 0, 1, 1.56312, 0, 1.66053)
size = Vector3(2.272, 2, 5.64172)

[node name="Shelf1" type="GPUParticlesCollisionBox3D" parent="gmtk2024_blocking-accurateGodot/ParticleBlockers"]
transform = Transform3D(0.987231, 0, -0.159295, 0, 1, 0, 0.159295, 0, 0.987231, 3.87347, 0, -11.0156)
size = Vector3(2.88428, 2, 6.35889)

[node name="Shelf2" type="GPUParticlesCollisionBox3D" parent="gmtk2024_blocking-accurateGodot/ParticleBlockers"]
transform = Transform3D(0.861337, 0, 0.508035, 0, 1, 0, -0.508035, 0, 0.861337, 2.24416, 0, -17.1219)
size = Vector3(2.29919, 2, 6.64603)

[node name="Drawer3" type="GPUParticlesCollisionBox3D" parent="gmtk2024_blocking-accurateGodot/ParticleBlockers"]
transform = Transform3D(0.968213, 0, -0.250126, 0, 1, 0, 0.250126, 0, 0.968213, -6.00732, 0, -18.5975)
size = Vector3(2.23827, 2, 1.73011)

[node name="DoorKnob" parent="gmtk2024_blocking-accurateGodot" instance=ExtResource("8_pthfv")]
transform = Transform3D(1, 0, 0, 0, 1, 0, 0, 0, 1, -4.18911, 3.16599, -19.4937)

[node name="ZipLines" type="Node3D" parent="gmtk2024_blocking-accurateGodot"]
transform = Transform3D(1, 0, 0, 0, 1, 0, 0, 0, 1, -4.18911, 3.16599, -19.4937)

[node name="ZiplineBed" parent="gmtk2024_blocking-accurateGodot/ZipLines" node_paths=PackedStringArray("start_point", "end_point") instance=ExtResource("10_wf6re")]
transform = Transform3D(1, 0, 0, 0, 1, 0, 0, 0, 1, 9.56843, 3.53193, 5.92959)
start_point = NodePath("Marker3D")
end_point = NodePath("Marker3D2")

[node name="Marker3D" type="Marker3D" parent="gmtk2024_blocking-accurateGodot/ZipLines/ZiplineBed"]
transform = Transform3D(1, 0, 0, 0, 1, 0, 0, 0, 1, 0, -0.939056, 0.236265)

[node name="Marker3D2" type="Marker3D" parent="gmtk2024_blocking-accurateGodot/ZipLines/ZiplineBed"]
transform = Transform3D(1, 0, 0, 0, 1, 0, 0, 0, 1, -10.1728, 0, -6.62)

[node name="ZiplineTV" parent="gmtk2024_blocking-accurateGodot/ZipLines" node_paths=PackedStringArray("start_point", "end_point") instance=ExtResource("10_wf6re")]
transform = Transform3D(1, 0, 0, 0, 1, 0, 0, 0, 1, 9.53525, -0.783947, 24.7107)
start_point = NodePath("Marker3D")
end_point = NodePath("Marker3D2")

[node name="Marker3D" type="Marker3D" parent="gmtk2024_blocking-accurateGodot/ZipLines/ZiplineTV"]
transform = Transform3D(1, 0, 0, 0, 1, 0, 0, 0, 1, -0.0757685, 0.191706, 0.220925)

[node name="Marker3D2" type="Marker3D" parent="gmtk2024_blocking-accurateGodot/ZipLines/ZiplineTV"]
transform = Transform3D(1, 0, 0, 0, 1, 0, 0, 0, 1, -0.516512, 1.48124, -2.00507)

[node name="ZiplineTop" parent="gmtk2024_blocking-accurateGodot/ZipLines" node_paths=PackedStringArray("start_point", "end_point") instance=ExtResource("10_wf6re")]
transform = Transform3D(1, 0, 0, 0, 1, 0, 0, 0, 1, -6.23702, -2.78409, 23.8531)
start_point = NodePath("Marker3D")
end_point = NodePath("Marker3D2")

[node name="Marker3D" type="Marker3D" parent="gmtk2024_blocking-accurateGodot/ZipLines/ZiplineTop"]
transform = Transform3D(1, 0, 0, 0, 1, 0, 0, 0, 1, 0.19136, 0.162878, -0.692142)

[node name="Marker3D2" type="Marker3D" parent="gmtk2024_blocking-accurateGodot/ZipLines/ZiplineTop"]
transform = Transform3D(1, 0, 0, 0, 1, 0, 0, 0, 1, 12.7061, 0.283538, 3.26741)

[node name="Lighting" type="Node3D" parent="gmtk2024_blocking-accurateGodot"]

[node name="DirectionalLight3D" type="DirectionalLight3D" parent="gmtk2024_blocking-accurateGodot/Lighting"]
transform = Transform3D(1, 0, 0, 0, 0.0974961, 0.995236, 0, -0.995236, 0.0974961, -1.37667, 8.84363, -6.97304)
light_color = Color(0.913344, 0.846615, 0.851571, 1)
light_energy = 1.125
light_indirect_energy = 0.927
light_volumetric_fog_energy = 0.97
directional_shadow_mode = 0
directional_shadow_fade_start = 1.0
directional_shadow_max_distance = 21.9

[node name="OmniLight3D" type="OmniLight3D" parent="gmtk2024_blocking-accurateGodot/Lighting"]
transform = Transform3D(1, 0, 0, 0, 1, 0, 0, 0, 1, -1.01628, 3.42688, 7.57022)

[node name="ShaderMaterial" type="MeshInstance3D" parent="gmtk2024_blocking-accurateGodot"]
transform = Transform3D(1, 0, 0, 0, 1, 0, 0, 0, 1, -1.35346, 3.55769, 0.050617)
visible = false
extra_cull_margin = 16384.0
mesh = SubResource("QuadMesh_y1o5h")
surface_material_override/0 = SubResource("ShaderMaterial_khyil")

[node name="Walls" type="Node3D" parent="gmtk2024_blocking-accurateGodot"]

[node name="LODcollisionShape" parent="gmtk2024_blocking-accurateGodot/Walls" instance=ExtResource("13_jsbuj")]

[node name="gmtk2024_mesh_InvisibleWall" parent="gmtk2024_blocking-accurateGodot/Walls/LODcollisionShape" instance=ExtResource("14_rsr1e")]

[node name="Ledges" type="Node3D" parent="gmtk2024_blocking-accurateGodot"]
transform = Transform3D(-0.00329558, 2.97481e-07, 0.999995, 9.02667e-05, 1, 2.84217e-14, -0.999995, 9.02662e-05, -0.00329558, -8.76626, 2.12588, 5.69678)

[node name="LedgeComponent" parent="gmtk2024_blocking-accurateGodot/Ledges" instance=ExtResource("2_dmerr")]
transform = Transform3D(-0.999982, 9.02667e-05, 0.00591623, 9.02651e-05, 1, -5.34033e-07, -0.00591623, 5.79803e-12, -0.999981, 1.14596, 0.0225546, 11.4689)
length = 3.88694
allowed_scales = 30

[node name="LedgeComponent2" parent="gmtk2024_blocking-accurateGodot/Ledges" instance=ExtResource("2_dmerr")]
transform = Transform3D(0.252663, 0.000875244, 0.967554, -0.0031296, 0.999995, -8.73382e-05, -0.967549, -0.00300599, 0.252664, 16.4768, 0.22485, 12.156)
allowed_scales = 28

[node name="LedgeComponent3" parent="gmtk2024_blocking-accurateGodot/Ledges" instance=ExtResource("2_dmerr")]
transform = Transform3D(0.0889499, 0.000366618, 0.996036, -0.00311482, 0.999995, -8.99093e-05, -0.996031, -0.00309448, 0.0889504, 17.329, 2.79632, 12.331)
length = 0.675935
allowed_scales = 28

[node name="LedgeComponent4" parent="gmtk2024_blocking-accurateGodot/Ledges" instance=ExtResource("2_dmerr")]
transform = Transform3D(-0.563405, -0.00166013, 0.826179, -0.00305594, 0.999996, -7.4577e-05, -0.826175, -0.00256677, -0.563407, 21.2517, 1.64367, 11.5163)
allowed_scales = 28

[node name="LedgeComponent5" parent="gmtk2024_blocking-accurateGodot/Ledges" instance=ExtResource("2_dmerr")]
transform = Transform3D(-0.494209, -0.00144515, 0.869341, -0.00306218, 0.999996, -7.84735e-05, -0.869338, -0.00270087, -0.494212, 22.6466, 1.97429, 9.69448)
length = 0.8
allowed_scales = 28

[node name="LedgeComponent6" parent="gmtk2024_blocking-accurateGodot/Ledges" instance=ExtResource("2_dmerr")]
transform = Transform3D(-0.00329558, 9.02667e-05, -0.999994, 2.97481e-07, 1, 9.02661e-05, 0.999995, -8.52652e-14, -0.00329558, 5.66767, -2.12639, 8.78498)
allowed_scales = 28

[node name="LedgeComponent7" parent="gmtk2024_blocking-accurateGodot/Ledges" instance=ExtResource("2_dmerr")]
transform = Transform3D(0.86048, 9.02667e-05, 0.509483, -7.76727e-05, 1, -4.59894e-05, -0.509483, -1.45519e-11, 0.86048, 20.4301, 0.792276, 11.4886)
length = 1.35073

[node name="LaunchPads" type="Node3D" parent="gmtk2024_blocking-accurateGodot"]

[node name="LaunchPad3" parent="gmtk2024_blocking-accurateGodot/LaunchPads" instance=ExtResource("3_i20k6")]
transform = Transform3D(0.356326, 0, -0.0791, 0, 0.365, 0, 0.0791, 0, 0.356326, 2.41327, 0.3149, 2.70673)
scale_ = 0.365
dir = Vector3(0, 3.375, 0)

[node name="LaunchPad4" parent="gmtk2024_blocking-accurateGodot/LaunchPads" instance=ExtResource("3_i20k6")]
transform = Transform3D(0.356326, 0, -0.0791, 0, 0.365, 0, 0.0791, 0, 0.356326, 2.42122, 0.3149, 5.94266)
scale_ = 0.365
dir = Vector3(0, 2.96, 0)

[node name="LaunchPad5" parent="gmtk2024_blocking-accurateGodot/LaunchPads" instance=ExtResource("3_i20k6")]
transform = Transform3D(0.000746457, -0.177148, -0.319128, 0.364922, 0.00691765, -0.00298642, 0.00749769, -0.319054, 0.177125, 2.2984, 0.630873, 8.0594)
scale_ = 0.365
dir = Vector3(-3, 1.36, -8)

[node name="LaunchPad" parent="gmtk2024_blocking-accurateGodot/LaunchPads" instance=ExtResource("6_22uk8")]
transform = Transform3D(-2.95052e-08, -0.675, 0, 0.675, -2.95052e-08, 0, 0, 0, 0.675, 5.26431, 4.9814, -1.85785)
scale_ = 0.675
dir = Vector3(-3.255, 0.905, -3.175)

[node name="LaunchPad2" parent="gmtk2024_blocking-accurateGodot/LaunchPads" instance=ExtResource("6_22uk8")]
transform = Transform3D(0.26766, 0, -0.035471, 0, 0.27, 0, 0.035471, 0, 0.26766, 4.44239, 0.350571, -1.98589)
scale_ = 0.27
dir = Vector3(0, 2.6, 0)

[node name="CanvasLayer" type="CanvasLayer" parent="."]

[node name="CanvasModulate" type="CanvasModulate" parent="CanvasLayer"]

[node name="PauseLayer" parent="." node_paths=PackedStringArray("player") instance=ExtResource("16_hrpjg")]
player = NodePath("../gmtk2024_blocking-accurateGodot/Character")

[node name="Books" type="Node3D" parent="."]
transform = Transform3D(0.919355, 0, 0.393429, 0, 1, 0, -0.393429, 0, 0.919355, 4.1258, 5.35555, -9.76536)

[node name="GMTK24_Mesh_DVD-AstObe" parent="Books" instance=ExtResource("13_5aayd")]

[node name="GMTK24_Mesh_DVD-Evan" parent="Books" instance=ExtResource("14_40mxf")]
transform = Transform3D(0.984423, -0.154995, -0.0829973, -0.0324606, 0.303723, -0.952207, 0.172796, 0.940068, 0.293961, 1.00115, -3.40694, -8.03613)

[node name="GMTK24_Mesh_DVD-NIER" parent="Books" instance=ExtResource("15_jqgw2")]
transform = Transform3D(0.273525, 0.266821, -0.924117, 0.807739, -0.585361, 0.0700674, -0.522247, -0.765611, -0.375633, 1.32818, -3.56023, -7.58314)

[node name="GMTK24_Mesh_Book-RWBY" parent="Books" instance=ExtResource("16_abufs")]
transform = Transform3D(-0.960791, -0.216417, -0.173335, -0.025977, 0.692645, -0.720811, 0.276055, -0.688045, -0.671109, 0.959483, -3.38202, -6.92045)

[node name="GMTK24_Mesh_Book-RWBY2" parent="Books" instance=ExtResource("16_abufs")]
transform = Transform3D(-0.106699, 0, -0.994291, 0, 1, 0, 0.994291, 0, -0.106699, -1.08323, -2.44664, 0.153822)

[node name="GMTK24_Mesh_Book-SoulEater" parent="Books" instance=ExtResource("17_trk64")]
transform = Transform3D(0.919355, -0.393429, 1.71973e-08, 0, -4.37114e-08, -1, 0.393429, 0.919355, -4.01863e-08, -0.793491, -2.03704, -0.543428)

[node name="GMTK24_Mesh_Book-AsteObe" parent="Books" instance=ExtResource("18_a4r17")]
transform = Transform3D(-0.993218, 0.0632639, 0.0975432, 0.00497485, 0.86135, -0.507988, -0.116155, -0.504058, -0.855824, -0.534401, -2.21886, -1.03397)

[node name="GMTK24_Mesh_DVD-DOOM2" parent="Books" instance=ExtResource("19_wrxg5")]
transform = Transform3D(-0.30558, 0, -0.952167, 0, 1, 0, 0.952167, 0, -0.30558, 0.0542431, -2.43549, -1.72534)

[node name="GMTK24_Mesh_Book-KH" parent="Books" instance=ExtResource("20_0ao6w")]
transform = Transform3D(-0.912358, 0.373952, -0.166623, 0.0308066, -0.343135, -0.938781, -0.408234, -0.861637, 0.301541, -0.662902, -1.91753, -0.137123)

[node name="GMTK24_Mesh_DVD-Evan2" parent="Books" instance=ExtResource("14_40mxf")]
transform = Transform3D(0.64248, 0, 0.295262, 0, 0.707079, 0, -0.295262, 0, 0.64248, -9.57688, -2.49845, -7.67719)

[node name="GMTK24_Mesh_Book-Evan" parent="Books" instance=ExtResource("21_dps2k")]
transform = Transform3D(-0.991256, -0.118958, -0.0571034, 0.0575117, -4.2222e-08, -0.998345, 0.118761, -0.992899, 0.00684152, 1.23693, -3.31303, -6.19064)

[node name="GMTK24_Mesh_Book-RWBY3" parent="Books" instance=ExtResource("16_abufs")]
transform = Transform3D(-0.994811, -0.0926202, -0.042093, 0.0797996, -0.45374, -0.887554, 0.0631065, -0.886308, 0.458778, 1.5013, -3.33943, -5.93545)

[node name="GMTK24_Mesh_Book-KH2" parent="Books" instance=ExtResource("20_0ao6w")]
transform = Transform3D(0.919355, 0, -0.393429, 0, 1, 0, 0.393429, 0, 0.919355, 1.35655, -3.76391, -5.16388)

[node name="GMTK24_Mesh_DVD-AstObe2" parent="Books" instance=ExtResource("13_5aayd")]
transform = Transform3D(0.534883, 0, -0.844927, 0, 1, 0, 0.844927, 0, 0.534883, 1.56265, -3.48822, -5.15725)

[node name="GMTK24_Mesh_MovieIO" parent="Books" instance=ExtResource("22_asa2f")]
transform = Transform3D(0.210215, 0, -0.977655, 0, 1, 0, 0.977655, 0, 0.210215, 1.53433, -3.62405, -5.09954)

[node name="GMTK24_Mesh_MovieTitanic" parent="Books" instance=ExtResource("23_kidxj")]
transform = Transform3D(0.447961, 0, -0.894053, 0, 1, 0, 0.894053, 0, 0.447961, 1.15015, -1.02819, -8.97525)

[node name="GMTK24_Mesh_MovieTotoro" parent="Books" instance=ExtResource("24_syu0j")]
transform = Transform3D(0.919355, 0, -0.393429, 0, 1, 0, 0.393429, 0, 0.919355, 1.42515, -1.05106, -8.40616)

[node name="GMTK24_Mesh_Book-Evan2" parent="Books" instance=ExtResource("21_dps2k")]
transform = Transform3D(-0.90902, -0.13746, -0.393429, 0.149518, -0.988759, 0, -0.389006, -0.0588247, 0.919355, 1.42128, -0.86932, -8.88707)

[node name="GMTK24_Mesh_Book-SoulEater2" parent="Books" instance=ExtResource("17_trk64")]
transform = Transform3D(-0.403125, 0, -0.627979, 0, 0.746235, 0, 0.627979, 0, -0.403125, 0.530293, -1.05873, -9.90978)

[node name="GMTK24_Mesh_Book2" parent="Books" instance=ExtResource("25_kc0k6")]
transform = Transform3D(-0.387165, 0, -0.178403, 0, 0.561382, 0, 0.178403, 0, -0.387165, 1.15913, -2.43015, -9.08192)

[node name="GMTK24_Mesh_Book-NIER" parent="Books" instance=ExtResource("26_y16ac")]
transform = Transform3D(0.595864, -0.646375, -0.476597, -0.131213, 0.507124, -0.851826, 0.792293, 0.570109, 0.217364, 1.27618, -2.08423, -9.97934)

[node name="GMTK24_Mesh_Book-SoulEater3" parent="Books" instance=ExtResource("17_trk64")]
transform = Transform3D(-0.883238, 0.423174, -0.202027, 0.0671573, -0.312237, -0.947628, -0.464091, -0.850549, 0.24736, 0.902539, -3.33495, -9.93387)

[node name="GMTK24_Mesh_Book-RWBY4" parent="Books" instance=ExtResource("16_abufs")]
transform = Transform3D(-0.93892, -0.344011, -0.00920726, -0.00124112, -0.0233698, 0.999726, -0.344133, 0.938674, 0.0215153, 1.27867, -3.28985, -10.0567)

[node name="GMTK24_Mesh_MovieET" parent="Books" instance=ExtResource("27_0ig53")]
transform = Transform3D(-0.0548107, 0, -0.998497, 0, 1, 0, 0.998497, 0, -0.0548107, 0.77675, -3.72467, -9.36118)

[node name="GMTK24_Mesh_MovieIO2" parent="Books" instance=ExtResource("22_asa2f")]
transform = Transform3D(-0.920049, 0.106975, -0.376916, 0.00605278, -0.958009, -0.286675, -0.391756, -0.266036, 0.880768, 0.687701, -3.60449, -9.03142)

[node name="GMTK24_Mesh_DVD-DOOM3" parent="Books" instance=ExtResource("19_wrxg5")]
transform = Transform3D(-0.543968, 0.123538, -0.829962, 0.0977613, -0.973036, -0.208909, -0.833392, -0.194778, 0.517223, 1.10483, -3.40033, -9.10309)

[node name="GMTK24_Mesh_Book1" parent="Books" instance=ExtResource("28_6vsjn")]
transform = Transform3D(0.780702, 0, -0.0114197, 0, 0.780786, 0, 0.0114197, 0, 0.780702, -0.625004, -5.14146, -0.648427)

[node name="GMTK24_Mesh_Book-RWBY5" parent="Books" instance=ExtResource("16_abufs")]
transform = Transform3D(0.919355, -0.393429, 1.71973e-08, 0, -4.37114e-08, -1, 0.393429, 0.919355, -4.01863e-08, 1.09004, -4.79638, -3.69508)

[node name="GMTK24_Mesh_Book3" parent="Books" instance=ExtResource("25_kc0k6")]
transform = Transform3D(0.929584, 0, -0.368612, 0, 1, 0, 0.368612, 0, 0.929584, 0.892245, -5.15315, -1.41078)

[node name="GMTK24_Mesh_Book4" parent="Books" instance=ExtResource("28_6vsjn")]
transform = Transform3D(0.803155, 0, 0.330217, 0, 0.868391, 0, -0.330217, 0, 0.803155, 1.67793, -5.13605, -6.67282)

[node name="GMTK24_Mesh_Book-SoulEater4" parent="Books" instance=ExtResource("17_trk64")]
transform = Transform3D(-0.472074, -0.881559, 3.85342e-08, 0, -4.37114e-08, -1, 0.881559, -0.472074, 2.0635e-08, 0.773721, -4.69069, -7.78213)

[node name="GMTK24_Mesh_Book-RWBY6" parent="Books" instance=ExtResource("16_abufs")]
transform = Transform3D(-0.770792, -0.637087, 2.78479e-08, 0, -4.37114e-08, -1, 0.637087, -0.770792, 3.36924e-08, 0.567724, -4.66219, -7.90117)

[node name="GMTK24_Mesh_Book-Evan3" parent="Books" instance=ExtResource("21_dps2k")]
transform = Transform3D(0.919355, -0.393429, 1.71973e-08, 0, -4.37114e-08, -1, 0.393429, 0.919355, -4.01863e-08, 0.537873, -4.66098, -10.0041)

[node name="GMTK24_Mesh_Book-AsteObe2" parent="Books" instance=ExtResource("18_a4r17")]
transform = Transform3D(0.919355, -0.393429, 1.71973e-08, 0, -4.37114e-08, -1, 0.393429, 0.919355, -4.01863e-08, 0.577243, -4.74567, -9.84792)

[node name="GMTK24_Mesh_Book-P5" parent="Books" instance=ExtResource("29_kvchb")]
transform = Transform3D(-0.64913, 0.760677, -6.57613e-08, 4.0627e-08, 1.21121e-07, 1, 0.760677, 0.64913, -1.09527e-07, 0.750754, -4.70091, -8.84073)

[node name="GMTK24_Mesh_MovieArietty" parent="Books" instance=ExtResource("30_ulltd")]
transform = Transform3D(0.491329, 0, -0.870974, 0, 1, 0, 0.870974, 0, 0.491329, -0.970643, -2.31123, 0.61095)

[node name="GMTK24_Mesh_MovieAvatar" parent="Books" instance=ExtResource("31_d3t7i")]
transform = Transform3D(0.919355, 0, -0.393429, 0, 1, 0, 0.393429, 0, 0.919355, -0.864081, -2.20554, 0.527483)

[node name="GMTK24_Mesh_MovieZootopia" parent="Books" instance=ExtResource("32_fpwgb")]
transform = Transform3D(-0.910547, 0, -0.413406, 0, 1, 0, 0.413406, 0, -0.910547, -0.0449114, -2.47084, -0.408667)

[node name="GMTK24_Mesh_DVD-KH" parent="Books" instance=ExtResource("33_pre8g")]
transform = Transform3D(0.597401, 0, -0.801942, 0, 1, 0, 0.801942, 0, 0.597401, 0.24156, 0.14884, -0.296952)

[connection signal="checkpoint_activated" from="gmtk2024_blocking-accurateGodot/Checkpoints/BookshelfCP" to="." method="on_checkpoint_activated"]
[connection signal="checkpoint_activated" from="gmtk2024_blocking-accurateGodot/Checkpoints/DeskCP" to="." method="on_checkpoint_activated"]
[connection signal="end_level" from="gmtk2024_blocking-accurateGodot/DoorKnob" to="." method="end_level"]
